'C' 0.0000000000 0.0000000000 0.0000000000 1
'C' 1.6800000000 1.6800000000 1.6800000000 1
'C' 3.3600000000 0.0000000000 3.3600000000 1
'C' 0.0000000000 3.3600000000 3.3600000000 1
'C' 3.3600000000 3.3600000000 0.0000000000 1
'C' 5.0400000000 1.6800000000 5.0400000000 1
'C' 1.6800000000 5.0400000000 5.0400000000 1
'C' 5.0400000000 5.0400000000 1.6800000000 1
'C' 6.7200000000 0.0000000000 0.0000000000 1
'C' 8.4000000000 1.6800000000 1.6800000000 1
'C' 10.0800000000 0.0000000000 3.3600000000 1
'C' 6.7200000000 3.3600000000 3.3600000000 1
'C' 10.0800000000 3.3600000000 0.0000000000 1
'C' 11.7600000000 1.6800000000 5.0400000000 1
'C' 8.4000000000 5.0400000000 5.0400000000 1
'C' 11.7600000000 5.0400000000 1.6800000000 1
'C' 13.4400000000 0.0000000000 0.0000000000 1
'C' 15.1200000000 1.6800000000 1.6800000000 1
'C' 16.8000000000 0.0000000000 3.3600000000 1
'C' 13.4400000000 3.3600000000 3.3600000000 1
'C' 16.8000000000 3.3600000000 0.0000000000 1
'C' 18.4800000000 1.6800000000 5.0400000000 1
'C' 15.1200000000 5.0400000000 5.0400000000 1
'C' 18.4800000000 5.0400000000 1.6800000000 1
'C' 20.1600000000 0.0000000000 0.0000000000 1
'C' 21.8400000000 1.6800000000 1.6800000000 1
'C' 23.5200000000 0.0000000000 3.3600000000 1
'C' 20.1600000000 3.3600000000 3.3600000000 1
'C' 23.5200000000 3.3600000000 0.0000000000 1
'C' 25.2000000000 1.6800000000 5.0400000000 1
'C' 21.8400000000 5.0400000000 5.0400000000 1
'C' 25.2000000000 5.0400000000 1.6800000000 1
'C' 0.0000000000 6.7200000000 0.0000000000 1
'C' 1.6800000000 8.4000000000 1.6800000000 1
'C' 3.3600000000 6.7200000000 3.3600000000 1
'C' 0.0000000000 10.0800000000 3.3600000000 1
'C' 3.3600000000 10.0800000000 0.0000000000 1
'C' 5.0400000000 8.4000000000 5.0400000000 1
'C' 1.6800000000 11.7600000000 5.0400000000 1
'C' 5.0400000000 11.7600000000 1.6800000000 1
'C' 6.7200000000 6.7200000000 0.0000000000 1
'C' 8.4000000000 8.4000000000 1.6800000000 1
'C' 10.0800000000 6.7200000000 3.3600000000 1
'C' 6.7200000000 10.0800000000 3.3600000000 1
'C' 10.0800000000 10.0800000000 0.0000000000 1
'C' 11.7600000000 8.4000000000 5.0400000000 1
'C' 8.4000000000 11.7600000000 5.0400000000 1
'C' 11.7600000000 11.7600000000 1.6800000000 1
'C' 13.4400000000 6.7200000000 0.0000000000 1
'C' 15.1200000000 8.4000000000 1.6800000000 1
'C' 16.8000000000 6.7200000000 3.3600000000 1
'C' 13.4400000000 10.0800000000 3.3600000000 1
'C' 16.8000000000 10.0800000000 0.0000000000 1
'C' 18.4800000000 8.4000000000 5.0400000000 1
'C' 15.1200000000 11.7600000000 5.0400000000 1
'C' 18.4800000000 11.7600000000 1.6800000000 1
'C' 20.1600000000 6.7200000000 0.0000000000 1
'C' 21.8400000000 8.4000000000 1.6800000000 1
'C' 23.5200000000 6.7200000000 3.3600000000 1
'C' 20.1600000000 10.0800000000 3.3600000000 1
'C' 23.5200000000 10.0800000000 0.0000000000 1
'C' 25.2000000000 8.4000000000 5.0400000000 1
'C' 21.8400000000 11.7600000000 5.0400000000 1
'C' 25.2000000000 11.7600000000 1.6800000000 1
'C' 0.0000000000 13.4400000000 0.0000000000 1
'C' 1.6800000000 15.1200000000 1.6800000000 1
'C' 3.3600000000 13.4400000000 3.3600000000 1
'C' 0.0000000000 16.8000000000 3.3600000000 1
'C' 3.3600000000 16.8000000000 0.0000000000 1
'C' 5.0400000000 15.1200000000 5.0400000000 1
'C' 1.6800000000 18.4800000000 5.0400000000 1
'C' 5.0400000000 18.4800000000 1.6800000000 1
'C' 6.7200000000 13.4400000000 0.0000000000 1
'C' 8.4000000000 15.1200000000 1.6800000000 1
'C' 10.0800000000 13.4400000000 3.3600000000 1
'C' 6.7200000000 16.8000000000 3.3600000000 1
'C' 10.0800000000 16.8000000000 0.0000000000 1
'C' 11.7600000000 15.1200000000 5.0400000000 1
'C' 8.4000000000 18.4800000000 5.0400000000 1
'C' 11.7600000000 18.4800000000 1.6800000000 1
'C' 13.4400000000 13.4400000000 0.0000000000 1
'C' 15.1200000000 15.1200000000 1.6800000000 1
'C' 16.8000000000 13.4400000000 3.3600000000 1
'C' 13.4400000000 16.8000000000 3.3600000000 1
'C' 16.8000000000 16.8000000000 0.0000000000 1
'C' 18.4800000000 15.1200000000 5.0400000000 1
'C' 15.1200000000 18.4800000000 5.0400000000 1
'C' 18.4800000000 18.4800000000 1.6800000000 1
'C' 20.1600000000 13.4400000000 0.0000000000 1
'C' 21.8400000000 15.1200000000 1.6800000000 1
'C' 23.5200000000 13.4400000000 3.3600000000 1
'C' 20.1600000000 16.8000000000 3.3600000000 1
'C' 23.5200000000 16.8000000000 0.0000000000 1
'C' 25.2000000000 15.1200000000 5.0400000000 1
'C' 21.8400000000 18.4800000000 5.0400000000 1
'C' 25.2000000000 18.4800000000 1.6800000000 1
'C' 0.0000000000 20.1600000000 0.0000000000 1
'C' 1.6800000000 21.8400000000 1.6800000000 1
'C' 3.3600000000 20.1600000000 3.3600000000 1
'C' 0.0000000000 23.5200000000 3.3600000000 1
'C' 3.3600000000 23.5200000000 0.0000000000 1
'C' 5.0400000000 21.8400000000 5.0400000000 1
'C' 1.6800000000 25.2000000000 5.0400000000 1
'C' 5.0400000000 25.2000000000 1.6800000000 1
'C' 6.7200000000 20.1600000000 0.0000000000 1
'C' 8.4000000000 21.8400000000 1.6800000000 1
'C' 10.0800000000 20.1600000000 3.3600000000 1
'C' 6.7200000000 23.5200000000 3.3600000000 1
'C' 10.0800000000 23.5200000000 0.0000000000 1
'C' 11.7600000000 21.8400000000 5.0400000000 1
'C' 8.4000000000 25.2000000000 5.0400000000 1
'C' 11.7600000000 25.2000000000 1.6800000000 1
'C' 13.4400000000 20.1600000000 0.0000000000 1
'C' 15.1200000000 21.8400000000 1.6800000000 1
'C' 16.8000000000 20.1600000000 3.3600000000 1
'C' 13.4400000000 23.5200000000 3.3600000000 1
'C' 16.8000000000 23.5200000000 0.0000000000 1
'C' 18.4800000000 21.8400000000 5.0400000000 1
'C' 15.1200000000 25.2000000000 5.0400000000 1
'C' 18.4800000000 25.2000000000 1.6800000000 1
'C' 20.1600000000 20.1600000000 0.0000000000 1
'C' 21.8400000000 21.8400000000 1.6800000000 1
'C' 23.5200000000 20.1600000000 3.3600000000 1
'C' 20.1600000000 23.5200000000 3.3600000000 1
'C' 23.5200000000 23.5200000000 0.0000000000 1
'C' 25.2000000000 21.8400000000 5.0400000000 1
'C' 21.8400000000 25.2000000000 5.0400000000 1
'C' 25.2000000000 25.2000000000 1.6800000000 1
'C' 0.0000000000 0.0000000000 6.7200000000 1
'C' 1.6800000000 1.6800000000 8.4000000000 1
'C' 3.3600000000 0.0000000000 10.0800000000 1
'C' 0.0000000000 3.3600000000 10.0800000000 1
'C' 3.3600000000 3.3600000000 6.7200000000 1
'C' 5.0400000000 1.6800000000 11.7600000000 1
'C' 1.6800000000 5.0400000000 11.7600000000 1
'C' 5.0400000000 5.0400000000 8.4000000000 1
'C' 6.7200000000 0.0000000000 6.7200000000 1
'C' 8.4000000000 1.6800000000 8.4000000000 1
'C' 10.0800000000 0.0000000000 10.0800000000 1
'C' 6.7200000000 3.3600000000 10.0800000000 1
'C' 10.0800000000 3.3600000000 6.7200000000 1
'C' 11.7600000000 1.6800000000 11.7600000000 1
'C' 8.4000000000 5.0400000000 11.7600000000 1
'C' 11.7600000000 5.0400000000 8.4000000000 1
'C' 13.4400000000 0.0000000000 6.7200000000 1
'C' 15.1200000000 1.6800000000 8.4000000000 1
'C' 16.8000000000 0.0000000000 10.0800000000 1
'C' 13.4400000000 3.3600000000 10.0800000000 1
'C' 16.8000000000 3.3600000000 6.7200000000 1
'C' 18.4800000000 1.6800000000 11.7600000000 1
'C' 15.1200000000 5.0400000000 11.7600000000 1
'C' 18.4800000000 5.0400000000 8.4000000000 1
'C' 20.1600000000 0.0000000000 6.7200000000 1
'C' 21.8400000000 1.6800000000 8.4000000000 1
'C' 23.5200000000 0.0000000000 10.0800000000 1
'C' 20.1600000000 3.3600000000 10.0800000000 1
'C' 23.5200000000 3.3600000000 6.7200000000 1
'C' 25.2000000000 1.6800000000 11.7600000000 1
'C' 21.8400000000 5.0400000000 11.7600000000 1
'C' 25.2000000000 5.0400000000 8.4000000000 1
'C' 0.0000000000 6.7200000000 6.7200000000 1
'C' 1.6800000000 8.4000000000 8.4000000000 1
'C' 3.3600000000 6.7200000000 10.0800000000 1
'C' 0.0000000000 10.0800000000 10.0800000000 1
'C' 3.3600000000 10.0800000000 6.7200000000 1
'C' 5.0400000000 8.4000000000 11.7600000000 1
'C' 1.6800000000 11.7600000000 11.7600000000 1
'C' 5.0400000000 11.7600000000 8.4000000000 1
'C' 6.7200000000 6.7200000000 6.7200000000 1
'C' 8.4000000000 8.4000000000 8.4000000000 1
'C' 10.0800000000 6.7200000000 10.0800000000 1
'C' 6.7200000000 10.0800000000 10.0800000000 1
'C' 10.0800000000 10.0800000000 6.7200000000 1
'C' 11.7600000000 8.4000000000 11.7600000000 1
'C' 8.4000000000 11.7600000000 11.7600000000 1
'C' 11.7600000000 11.7600000000 8.4000000000 1
'C' 13.4400000000 6.7200000000 6.7200000000 1
'C' 15.1200000000 8.4000000000 8.4000000000 1
'C' 16.8000000000 6.7200000000 10.0800000000 1
'C' 13.4400000000 10.0800000000 10.0800000000 1
'C' 16.8000000000 10.0800000000 6.7200000000 1
'C' 18.4800000000 8.4000000000 11.7600000000 1
'C' 15.1200000000 11.7600000000 11.7600000000 1
'C' 18.4800000000 11.7600000000 8.4000000000 1
'C' 20.1600000000 6.7200000000 6.7200000000 1
'C' 21.8400000000 8.4000000000 8.4000000000 1
'C' 23.5200000000 6.7200000000 10.0800000000 1
'C' 20.1600000000 10.0800000000 10.0800000000 1
'C' 23.5200000000 10.0800000000 6.7200000000 1
'C' 25.2000000000 8.4000000000 11.7600000000 1
'C' 21.8400000000 11.7600000000 11.7600000000 1
'C' 25.2000000000 11.7600000000 8.4000000000 1
'C' 0.0000000000 13.4400000000 6.7200000000 1
'C' 1.6800000000 15.1200000000 8.4000000000 1
'C' 3.3600000000 13.4400000000 10.0800000000 1
'C' 0.0000000000 16.8000000000 10.0800000000 1
'C' 3.3600000000 16.8000000000 6.7200000000 1
'C' 5.0400000000 15.1200000000 11.7600000000 1
'C' 1.6800000000 18.4800000000 11.7600000000 1
'C' 5.0400000000 18.4800000000 8.4000000000 1
'C' 6.7200000000 13.4400000000 6.7200000000 1
'C' 8.4000000000 15.1200000000 8.4000000000 1
'C' 10.0800000000 13.4400000000 10.0800000000 1
'C' 6.7200000000 16.8000000000 10.0800000000 1
'C' 10.0800000000 16.8000000000 6.7200000000 1
'C' 11.7600000000 15.1200000000 11.7600000000 1
'C' 8.4000000000 18.4800000000 11.7600000000 1
'C' 11.7600000000 18.4800000000 8.4000000000 1
'C' 13.4400000000 13.4400000000 6.7200000000 1
'C' 15.1200000000 15.1200000000 8.4000000000 1
'C' 16.8000000000 13.4400000000 10.0800000000 1
'C' 13.4400000000 16.8000000000 10.0800000000 1
'C' 16.8000000000 16.8000000000 6.7200000000 1
'C' 18.4800000000 15.1200000000 11.7600000000 1
'C' 15.1200000000 18.4800000000 11.7600000000 1
'C' 18.4800000000 18.4800000000 8.4000000000 1
'C' 20.1600000000 13.4400000000 6.7200000000 1
'C' 21.8400000000 15.1200000000 8.4000000000 1
'C' 23.5200000000 13.4400000000 10.0800000000 1
'C' 20.1600000000 16.8000000000 10.0800000000 1
'C' 23.5200000000 16.8000000000 6.7200000000 1
'C' 25.2000000000 15.1200000000 11.7600000000 1
'C' 21.8400000000 18.4800000000 11.7600000000 1
'C' 25.2000000000 18.4800000000 8.4000000000 1
'C' 0.0000000000 20.1600000000 6.7200000000 1
'C' 1.6800000000 21.8400000000 8.4000000000 1
'C' 3.3600000000 20.1600000000 10.0800000000 1
'C' 0.0000000000 23.5200000000 10.0800000000 1
'C' 3.3600000000 23.5200000000 6.7200000000 1
'C' 5.0400000000 21.8400000000 11.7600000000 1
'C' 1.6800000000 25.2000000000 11.7600000000 1
'C' 5.0400000000 25.2000000000 8.4000000000 1
'C' 6.7200000000 20.1600000000 6.7200000000 1
'C' 8.4000000000 21.8400000000 8.4000000000 1
'C' 10.0800000000 20.1600000000 10.0800000000 1
'C' 6.7200000000 23.5200000000 10.0800000000 1
'C' 10.0800000000 23.5200000000 6.7200000000 1
'C' 11.7600000000 21.8400000000 11.7600000000 1
'C' 8.4000000000 25.2000000000 11.7600000000 1
'C' 11.7600000000 25.2000000000 8.4000000000 1
'C' 13.4400000000 20.1600000000 6.7200000000 1
'C' 15.1200000000 21.8400000000 8.4000000000 1
'C' 16.8000000000 20.1600000000 10.0800000000 1
'C' 13.4400000000 23.5200000000 10.0800000000 1
'C' 16.8000000000 23.5200000000 6.7200000000 1
'C' 18.4800000000 21.8400000000 11.7600000000 1
'C' 15.1200000000 25.2000000000 11.7600000000 1
'C' 18.4800000000 25.2000000000 8.4000000000 1
'C' 20.1600000000 20.1600000000 6.7200000000 1
'C' 21.8400000000 21.8400000000 8.4000000000 1
'C' 23.5200000000 20.1600000000 10.0800000000 1
'C' 20.1600000000 23.5200000000 10.0800000000 1
'C' 23.5200000000 23.5200000000 6.7200000000 1
'C' 25.2000000000 21.8400000000 11.7600000000 1
'C' 21.8400000000 25.2000000000 11.7600000000 1
'C' 25.2000000000 25.2000000000 8.4000000000 1
'C' 0.0000000000 0.0000000000 13.4400000000 1
'C' 1.6800000000 1.6800000000 15.1200000000 1
'C' 3.3600000000 0.0000000000 16.8000000000 1
'C' 0.0000000000 3.3600000000 16.8000000000 1
'C' 3.3600000000 3.3600000000 13.4400000000 1
'C' 5.0400000000 1.6800000000 18.4800000000 1
'C' 1.6800000000 5.0400000000 18.4800000000 1
'C' 5.0400000000 5.0400000000 15.1200000000 1
'C' 6.7200000000 0.0000000000 13.4400000000 1
'C' 8.4000000000 1.6800000000 15.1200000000 1
'C' 10.0800000000 0.0000000000 16.8000000000 1
'C' 6.7200000000 3.3600000000 16.8000000000 1
'C' 10.0800000000 3.3600000000 13.4400000000 1
'C' 11.7600000000 1.6800000000 18.4800000000 1
'C' 8.4000000000 5.0400000000 18.4800000000 1
'C' 11.7600000000 5.0400000000 15.1200000000 1
'C' 13.4400000000 0.0000000000 13.4400000000 1
'C' 15.1200000000 1.6800000000 15.1200000000 1
'C' 16.8000000000 0.0000000000 16.8000000000 1
'C' 13.4400000000 3.3600000000 16.8000000000 1
'C' 16.8000000000 3.3600000000 13.4400000000 1
'C' 18.4800000000 1.6800000000 18.4800000000 1
'C' 15.1200000000 5.0400000000 18.4800000000 1
'C' 18.4800000000 5.0400000000 15.1200000000 1
'C' 20.1600000000 0.0000000000 13.4400000000 1
'C' 21.8400000000 1.6800000000 15.1200000000 1
'C' 23.5200000000 0.0000000000 16.8000000000 1
'C' 20.1600000000 3.3600000000 16.8000000000 1
'C' 23.5200000000 3.3600000000 13.4400000000 1
'C' 25.2000000000 1.6800000000 18.4800000000 1
'C' 21.8400000000 5.0400000000 18.4800000000 1
'C' 25.2000000000 5.0400000000 15.1200000000 1
'C' 0.0000000000 6.7200000000 13.4400000000 1
'C' 1.6800000000 8.4000000000 15.1200000000 1
'C' 3.3600000000 6.7200000000 16.8000000000 1
'C' 0.0000000000 10.0800000000 16.8000000000 1
'C' 3.3600000000 10.0800000000 13.4400000000 1
'C' 5.0400000000 8.4000000000 18.4800000000 1
'C' 1.6800000000 11.7600000000 18.4800000000 1
'C' 5.0400000000 11.7600000000 15.1200000000 1
'C' 6.7200000000 6.7200000000 13.4400000000 1
'C' 8.4000000000 8.4000000000 15.1200000000 1
'C' 10.0800000000 6.7200000000 16.8000000000 1
'C' 6.7200000000 10.0800000000 16.8000000000 1
'C' 10.0800000000 10.0800000000 13.4400000000 1
'C' 11.7600000000 8.4000000000 18.4800000000 1
'C' 8.4000000000 11.7600000000 18.4800000000 1
'C' 11.7600000000 11.7600000000 15.1200000000 1
'C' 13.4400000000 6.7200000000 13.4400000000 1
'C' 15.1200000000 8.4000000000 15.1200000000 1
'C' 16.8000000000 6.7200000000 16.8000000000 1
'C' 13.4400000000 10.0800000000 16.8000000000 1
'C' 16.8000000000 10.0800000000 13.4400000000 1
'C' 18.4800000000 8.4000000000 18.4800000000 1
'C' 15.1200000000 11.7600000000 18.4800000000 1
'C' 18.4800000000 11.7600000000 15.1200000000 1
'C' 20.1600000000 6.7200000000 13.4400000000 1
'C' 21.8400000000 8.4000000000 15.1200000000 1
'C' 23.5200000000 6.7200000000 16.8000000000 1
'C' 20.1600000000 10.0800000000 16.8000000000 1
'C' 23.5200000000 10.0800000000 13.4400000000 1
'C' 25.2000000000 8.4000000000 18.4800000000 1
'C' 21.8400000000 11.7600000000 18.4800000000 1
'C' 25.2000000000 11.7600000000 15.1200000000 1
'C' 0.0000000000 13.4400000000 13.4400000000 1
'C' 1.6800000000 15.1200000000 15.1200000000 1
'C' 3.3600000000 13.4400000000 16.8000000000 1
'C' 0.0000000000 16.8000000000 16.8000000000 1
'C' 3.3600000000 16.8000000000 13.4400000000 1
'C' 5.0400000000 15.1200000000 18.4800000000 1
'C' 1.6800000000 18.4800000000 18.4800000000 1
'C' 5.0400000000 18.4800000000 15.1200000000 1
'C' 6.7200000000 13.4400000000 13.4400000000 1
'C' 8.4000000000 15.1200000000 15.1200000000 1
'C' 10.0800000000 13.4400000000 16.8000000000 1
'C' 6.7200000000 16.8000000000 16.8000000000 1
'C' 10.0800000000 16.8000000000 13.4400000000 1
'C' 11.7600000000 15.1200000000 18.4800000000 1
'C' 8.4000000000 18.4800000000 18.4800000000 1
'C' 11.7600000000 18.4800000000 15.1200000000 1
'C' 13.4400000000 13.4400000000 13.4400000000 1
'C' 15.1200000000 15.1200000000 15.1200000000 1
'C' 16.8000000000 13.4400000000 16.8000000000 1
'C' 13.4400000000 16.8000000000 16.8000000000 1
'C' 16.8000000000 16.8000000000 13.4400000000 1
'C' 18.4800000000 15.1200000000 18.4800000000 1
'C' 15.1200000000 18.4800000000 18.4800000000 1
'C' 18.4800000000 18.4800000000 15.1200000000 1
'C' 20.1600000000 13.4400000000 13.4400000000 1
'C' 21.8400000000 15.1200000000 15.1200000000 1
'C' 23.5200000000 13.4400000000 16.8000000000 1
'C' 20.1600000000 16.8000000000 16.8000000000 1
'C' 23.5200000000 16.8000000000 13.4400000000 1
'C' 25.2000000000 15.1200000000 18.4800000000 1
'C' 21.8400000000 18.4800000000 18.4800000000 1
'C' 25.2000000000 18.4800000000 15.1200000000 1
'C' 0.0000000000 20.1600000000 13.4400000000 1
'C' 1.6800000000 21.8400000000 15.1200000000 1
'C' 3.3600000000 20.1600000000 16.8000000000 1
'C' 0.0000000000 23.5200000000 16.8000000000 1
'C' 3.3600000000 23.5200000000 13.4400000000 1
'C' 5.0400000000 21.8400000000 18.4800000000 1
'C' 1.6800000000 25.2000000000 18.4800000000 1
'C' 5.0400000000 25.2000000000 15.1200000000 1
'C' 6.7200000000 20.1600000000 13.4400000000 1
'C' 8.4000000000 21.8400000000 15.1200000000 1
'C' 10.0800000000 20.1600000000 16.8000000000 1
'C' 6.7200000000 23.5200000000 16.8000000000 1
'C' 10.0800000000 23.5200000000 13.4400000000 1
'C' 11.7600000000 21.8400000000 18.4800000000 1
'C' 8.4000000000 25.2000000000 18.4800000000 1
'C' 11.7600000000 25.2000000000 15.1200000000 1
'C' 13.4400000000 20.1600000000 13.4400000000 1
'C' 15.1200000000 21.8400000000 15.1200000000 1
'C' 16.8000000000 20.1600000000 16.8000000000 1
'C' 13.4400000000 23.5200000000 16.8000000000 1
'C' 16.8000000000 23.5200000000 13.4400000000 1
'C' 18.4800000000 21.8400000000 18.4800000000 1
'C' 15.1200000000 25.2000000000 18.4800000000 1
'C' 18.4800000000 25.2000000000 15.1200000000 1
'C' 20.1600000000 20.1600000000 13.4400000000 1
'C' 21.8400000000 21.8400000000 15.1200000000 1
'C' 23.5200000000 20.1600000000 16.8000000000 1
'C' 20.1600000000 23.5200000000 16.8000000000 1
'C' 23.5200000000 23.5200000000 13.4400000000 1
'C' 25.2000000000 21.8400000000 18.4800000000 1
'C' 21.8400000000 25.2000000000 18.4800000000 1
'C' 25.2000000000 25.2000000000 15.1200000000 1
'C' 0.0000000000 0.0000000000 20.1600000000 1
'C' 1.6800000000 1.6800000000 21.8400000000 1
'C' 3.3600000000 0.0000000000 23.5200000000 1
'C' 0.0000000000 3.3600000000 23.5200000000 1
'C' 3.3600000000 3.3600000000 20.1600000000 1
'C' 5.0400000000 1.6800000000 25.2000000000 1
'C' 1.6800000000 5.0400000000 25.2000000000 1
'C' 5.0400000000 5.0400000000 21.8400000000 1
'C' 6.7200000000 0.0000000000 20.1600000000 1
'C' 8.4000000000 1.6800000000 21.8400000000 1
'C' 10.0800000000 0.0000000000 23.5200000000 1
'C' 6.7200000000 3.3600000000 23.5200000000 1
'C' 10.0800000000 3.3600000000 20.1600000000 1
'C' 11.7600000000 1.6800000000 25.2000000000 1
'C' 8.4000000000 5.0400000000 25.2000000000 1
'C' 11.7600000000 5.0400000000 21.8400000000 1
'C' 13.4400000000 0.0000000000 20.1600000000 1
'C' 15.1200000000 1.6800000000 21.8400000000 1
'C' 16.8000000000 0.0000000000 23.5200000000 1
'C' 13.4400000000 3.3600000000 23.5200000000 1
'C' 16.8000000000 3.3600000000 20.1600000000 1
'C' 18.4800000000 1.6800000000 25.2000000000 1
'C' 15.1200000000 5.0400000000 25.2000000000 1
'C' 18.4800000000 5.0400000000 21.8400000000 1
'C' 20.1600000000 0.0000000000 20.1600000000 1
'C' 21.8400000000 1.6800000000 21.8400000000 1
'C' 23.5200000000 0.0000000000 23.5200000000 1
'C' 20.1600000000 3.3600000000 23.5200000000 1
'C' 23.5200000000 3.3600000000 20.1600000000 1
'C' 25.2000000000 1.6800000000 25.2000000000 1
'C' 21.8400000000 5.0400000000 25.2000000000 1
'C' 25.2000000000 5.0400000000 21.8400000000 1
'C' 0.0000000000 6.7200000000 20.1600000000 1
'C' 1.6800000000 8.4000000000 21.8400000000 1
'C' 3.3600000000 6.7200000000 23.5200000000 1
'C' 0.0000000000 10.0800000000 23.5200000000 1
'C' 3.3600000000 10.0800000000 20.1600000000 1
'C' 5.0400000000 8.4000000000 25.2000000000 1
'C' 1.6800000000 11.7600000000 25.2000000000 1
'C' 5.0400000000 11.7600000000 21.8400000000 1
'C' 6.7200000000 6.7200000000 20.1600000000 1
'C' 8.4000000000 8.4000000000 21.8400000000 1
'C' 10.0800000000 6.7200000000 23.5200000000 1
'C' 6.7200000000 10.0800000000 23.5200000000 1
'C' 10.0800000000 10.0800000000 20.1600000000 1
'C' 11.7600000000 8.4000000000 25.2000000000 1
'C' 8.4000000000 11.7600000000 25.2000000000 1
'C' 11.7600000000 11.7600000000 21.8400000000 1
'C' 13.4400000000 6.7200000000 20.1600000000 1
'C' 15.1200000000 8.4000000000 21.8400000000 1
'C' 16.8000000000 6.7200000000 23.5200000000 1
'C' 13.4400000000 10.0800000000 23.5200000000 1
'C' 16.8000000000 10.0800000000 20.1600000000 1
'C' 18.4800000000 8.4000000000 25.2000000000 1
'C' 15.1200000000 11.7600000000 25.2000000000 1
'C' 18.4800000000 11.7600000000 21.8400000000 1
'C' 20.1600000000 6.7200000000 20.1600000000 1
'C' 21.8400000000 8.4000000000 21.8400000000 1
'C' 23.5200000000 6.7200000000 23.5200000000 1
'C' 20.1600000000 10.0800000000 23.5200000000 1
'C' 23.5200000000 10.0800000000 20.1600000000 1
'C' 25.2000000000 8.4000000000 25.2000000000 1
'C' 21.8400000000 11.7600000000 25.2000000000 1
'C' 25.2000000000 11.7600000000 21.8400000000 1
'C' 0.0000000000 13.4400000000 20.1600000000 1
'C' 1.6800000000 15.1200000000 21.8400000000 1
'C' 3.3600000000 13.4400000000 23.5200000000 1
'C' 0.0000000000 16.8000000000 23.5200000000 1
'C' 3.3600000000 16.8000000000 20.1600000000 1
'C' 5.0400000000 15.1200000000 25.2000000000 1
'C' 1.6800000000 18.4800000000 25.2000000000 1
'C' 5.0400000000 18.4800000000 21.8400000000 1
'C' 6.7200000000 13.4400000000 20.1600000000 1
'C' 8.4000000000 15.1200000000 21.8400000000 1
'C' 10.0800000000 13.4400000000 23.5200000000 1
'C' 6.7200000000 16.8000000000 23.5200000000 1
'C' 10.0800000000 16.8000000000 20.1600000000 1
'C' 11.7600000000 15.1200000000 25.2000000000 1
'C' 8.4000000000 18.4800000000 25.2000000000 1
'C' 11.7600000000 18.4800000000 21.8400000000 1
'C' 13.4400000000 13.4400000000 20.1600000000 1
'C' 15.1200000000 15.1200000000 21.8400000000 1
'C' 16.8000000000 13.4400000000 23.5200000000 1
'C' 13.4400000000 16.8000000000 23.5200000000 1
'C' 16.8000000000 16.8000000000 20.1600000000 1
'C' 18.4800000000 15.1200000000 25.2000000000 1
'C' 15.1200000000 18.4800000000 25.2000000000 1
'C' 18.4800000000 18.4800000000 21.8400000000 1
'C' 20.1600000000 13.4400000000 20.1600000000 1
'C' 21.8400000000 15.1200000000 21.8400000000 1
'C' 23.5200000000 13.4400000000 23.5200000000 1
'C' 20.1600000000 16.8000000000 23.5200000000 1
'C' 23.5200000000 16.8000000000 20.1600000000 1
'C' 25.2000000000 15.1200000000 25.2000000000 1
'C' 21.8400000000 18.4800000000 25.2000000000 1
'C' 25.2000000000 18.4800000000 21.8400000000 1
'C' 0.0000000000 20.1600000000 20.1600000000 1
'C' 1.6800000000 21.8400000000 21.8400000000 1
'C' 3.3600000000 20.1600000000 23.5200000000 1
'C' 0.0000000000 23.5200000000 23.5200000000 1
'C' 3.3600000000 23.5200000000 20.1600000000 1
'C' 5.0400000000 21.8400000000 25.2000000000 1
'C' 1.6800000000 25.2000000000 25.2000000000 1
'C' 5.0400000000 25.2000000000 21.8400000000 1
'C' 6.7200000000 20.1600000000 20.1600000000 1
'C' 8.4000000000 21.8400000000 21.8400000000 1
'C' 10.0800000000 20.1600000000 23.5200000000 1
'C' 6.7200000000 23.5200000000 23.5200000000 1
'C' 10.0800000000 23.5200000000 20.1600000000 1
'C' 11.7600000000 21.8400000000 25.2000000000 1
'C' 8.4000000000 25.2000000000 25.2000000000 1
'C' 11.7600000000 25.2000000000 21.8400000000 1
'C' 13.4400000000 20.1600000000 20.1600000000 1
'C' 15.1200000000 21.8400000000 21.8400000000 1
'C' 16.8000000000 20.1600000000 23.5200000000 1
'C' 13.4400000000 23.5200000000 23.5200000000 1
'C' 16.8000000000 23.5200000000 20.1600000000 1
'C' 18.4800000000 21.8400000000 25.2000000000 1
'C' 15.1200000000 25.2000000000 25.2000000000 1
'C' 18.4800000000 25.2000000000 21.8400000000 1
'C' 20.1600000000 20.1600000000 20.1600000000 1
'C' 21.8400000000 21.8400000000 21.8400000000 1
'C' 23.5200000000 20.1600000000 23.5200000000 1
'C' 20.1600000000 23.5200000000 23.5200000000 1
'C' 23.5200000000 23.5200000000 20.1600000000 1
'C' 25.2000000000 21.8400000000 25.2000000000 1
'C' 21.8400000000 25.2000000000 25.2000000000 1
'C' 25.2000000000 25.2000000000 21.8400000000 1
