'Si' 0.0000000000 0.0000000000 0.0000000000 1
'Si' 2.5650000000 2.5650000000 2.5650000000 1
'Si' 5.1300000000 0.0000000000 5.1300000000 1
'Si' 0.0000000000 5.1300000000 5.1300000000 1
'Si' 5.1300000000 5.1300000000 0.0000000000 1
'Si' 7.6950000000 2.5650000000 7.6950000000 1
'Si' 2.5650000000 7.6950000000 7.6950000000 1
'Si' 7.6950000000 7.6950000000 2.5650000000 1
'Si' 10.2600000000 0.0000000000 0.0000000000 1
'Si' 12.8250000000 2.5650000000 2.5650000000 1
'Si' 15.3900000000 0.0000000000 5.1300000000 1
'Si' 10.2600000000 5.1300000000 5.1300000000 1
'Si' 15.3900000000 5.1300000000 0.0000000000 1
'Si' 17.9550000000 2.5650000000 7.6950000000 1
'Si' 12.8250000000 7.6950000000 7.6950000000 1
'Si' 17.9550000000 7.6950000000 2.5650000000 1
'Si' 20.5200000000 0.0000000000 0.0000000000 1
'Si' 23.0850000000 2.5650000000 2.5650000000 1
'Si' 25.6500000000 0.0000000000 5.1300000000 1
'Si' 20.5200000000 5.1300000000 5.1300000000 1
'Si' 25.6500000000 5.1300000000 0.0000000000 1
'Si' 28.2150000000 2.5650000000 7.6950000000 1
'Si' 23.0850000000 7.6950000000 7.6950000000 1
'Si' 28.2150000000 7.6950000000 2.5650000000 1
'Si' 30.7800000000 0.0000000000 0.0000000000 1
'Si' 33.3450000000 2.5650000000 2.5650000000 1
'Si' 35.9100000000 0.0000000000 5.1300000000 1
'Si' 30.7800000000 5.1300000000 5.1300000000 1
'Si' 35.9100000000 5.1300000000 0.0000000000 1
'Si' 38.4750000000 2.5650000000 7.6950000000 1
'Si' 33.3450000000 7.6950000000 7.6950000000 1
'Si' 38.4750000000 7.6950000000 2.5650000000 1
'Si' 0.0000000000 10.2600000000 0.0000000000 1
'Si' 2.5650000000 12.8250000000 2.5650000000 1
'Si' 5.1300000000 10.2600000000 5.1300000000 1
'Si' 0.0000000000 15.3900000000 5.1300000000 1
'Si' 5.1300000000 15.3900000000 0.0000000000 1
'Si' 7.6950000000 12.8250000000 7.6950000000 1
'Si' 2.5650000000 17.9550000000 7.6950000000 1
'Si' 7.6950000000 17.9550000000 2.5650000000 1
'Si' 10.2600000000 10.2600000000 0.0000000000 1
'Si' 12.8250000000 12.8250000000 2.5650000000 1
'Si' 15.3900000000 10.2600000000 5.1300000000 1
'Si' 10.2600000000 15.3900000000 5.1300000000 1
'Si' 15.3900000000 15.3900000000 0.0000000000 1
'Si' 17.9550000000 12.8250000000 7.6950000000 1
'Si' 12.8250000000 17.9550000000 7.6950000000 1
'Si' 17.9550000000 17.9550000000 2.5650000000 1
'Si' 20.5200000000 10.2600000000 0.0000000000 1
'Si' 23.0850000000 12.8250000000 2.5650000000 1
'Si' 25.6500000000 10.2600000000 5.1300000000 1
'Si' 20.5200000000 15.3900000000 5.1300000000 1
'Si' 25.6500000000 15.3900000000 0.0000000000 1
'Si' 28.2150000000 12.8250000000 7.6950000000 1
'Si' 23.0850000000 17.9550000000 7.6950000000 1
'Si' 28.2150000000 17.9550000000 2.5650000000 1
'Si' 30.7800000000 10.2600000000 0.0000000000 1
'Si' 33.3450000000 12.8250000000 2.5650000000 1
'Si' 35.9100000000 10.2600000000 5.1300000000 1
'Si' 30.7800000000 15.3900000000 5.1300000000 1
'Si' 35.9100000000 15.3900000000 0.0000000000 1
'Si' 38.4750000000 12.8250000000 7.6950000000 1
'Si' 33.3450000000 17.9550000000 7.6950000000 1
'Si' 38.4750000000 17.9550000000 2.5650000000 1
'Si' 0.0000000000 20.5200000000 0.0000000000 1
'Si' 2.5650000000 23.0850000000 2.5650000000 1
'Si' 5.1300000000 20.5200000000 5.1300000000 1
'Si' 0.0000000000 25.6500000000 5.1300000000 1
'Si' 5.1300000000 25.6500000000 0.0000000000 1
'Si' 7.6950000000 23.0850000000 7.6950000000 1
'Si' 2.5650000000 28.2150000000 7.6950000000 1
'Si' 7.6950000000 28.2150000000 2.5650000000 1
'Si' 10.2600000000 20.5200000000 0.0000000000 1
'Si' 12.8250000000 23.0850000000 2.5650000000 1
'Si' 15.3900000000 20.5200000000 5.1300000000 1
'Si' 10.2600000000 25.6500000000 5.1300000000 1
'Si' 15.3900000000 25.6500000000 0.0000000000 1
'Si' 17.9550000000 23.0850000000 7.6950000000 1
'Si' 12.8250000000 28.2150000000 7.6950000000 1
'Si' 17.9550000000 28.2150000000 2.5650000000 1
'Si' 20.5200000000 20.5200000000 0.0000000000 1
'Si' 23.0850000000 23.0850000000 2.5650000000 1
'Si' 25.6500000000 20.5200000000 5.1300000000 1
'Si' 20.5200000000 25.6500000000 5.1300000000 1
'Si' 25.6500000000 25.6500000000 0.0000000000 1
'Si' 28.2150000000 23.0850000000 7.6950000000 1
'Si' 23.0850000000 28.2150000000 7.6950000000 1
'Si' 28.2150000000 28.2150000000 2.5650000000 1
'Si' 30.7800000000 20.5200000000 0.0000000000 1
'Si' 33.3450000000 23.0850000000 2.5650000000 1
'Si' 35.9100000000 20.5200000000 5.1300000000 1
'Si' 30.7800000000 25.6500000000 5.1300000000 1
'Si' 35.9100000000 25.6500000000 0.0000000000 1
'Si' 38.4750000000 23.0850000000 7.6950000000 1
'Si' 33.3450000000 28.2150000000 7.6950000000 1
'Si' 38.4750000000 28.2150000000 2.5650000000 1
'Si' 0.0000000000 30.7800000000 0.0000000000 1
'Si' 2.5650000000 33.3450000000 2.5650000000 1
'Si' 5.1300000000 30.7800000000 5.1300000000 1
'Si' 0.0000000000 35.9100000000 5.1300000000 1
'Si' 5.1300000000 35.9100000000 0.0000000000 1
'Si' 7.6950000000 33.3450000000 7.6950000000 1
'Si' 2.5650000000 38.4750000000 7.6950000000 1
'Si' 7.6950000000 38.4750000000 2.5650000000 1
'Si' 10.2600000000 30.7800000000 0.0000000000 1
'Si' 12.8250000000 33.3450000000 2.5650000000 1
'Si' 15.3900000000 30.7800000000 5.1300000000 1
'Si' 10.2600000000 35.9100000000 5.1300000000 1
'Si' 15.3900000000 35.9100000000 0.0000000000 1
'Si' 17.9550000000 33.3450000000 7.6950000000 1
'Si' 12.8250000000 38.4750000000 7.6950000000 1
'Si' 17.9550000000 38.4750000000 2.5650000000 1
'Si' 20.5200000000 30.7800000000 0.0000000000 1
'Si' 23.0850000000 33.3450000000 2.5650000000 1
'Si' 25.6500000000 30.7800000000 5.1300000000 1
'Si' 20.5200000000 35.9100000000 5.1300000000 1
'Si' 25.6500000000 35.9100000000 0.0000000000 1
'Si' 28.2150000000 33.3450000000 7.6950000000 1
'Si' 23.0850000000 38.4750000000 7.6950000000 1
'Si' 28.2150000000 38.4750000000 2.5650000000 1
'Si' 30.7800000000 30.7800000000 0.0000000000 1
'Si' 33.3450000000 33.3450000000 2.5650000000 1
'Si' 35.9100000000 30.7800000000 5.1300000000 1
'Si' 30.7800000000 35.9100000000 5.1300000000 1
'Si' 35.9100000000 35.9100000000 0.0000000000 1
'Si' 38.4750000000 33.3450000000 7.6950000000 1
'Si' 33.3450000000 38.4750000000 7.6950000000 1
'Si' 38.4750000000 38.4750000000 2.5650000000 1
'Si' 0.0000000000 0.0000000000 10.2600000000 1
'Si' 2.5650000000 2.5650000000 12.8250000000 1
'Si' 5.1300000000 0.0000000000 15.3900000000 1
'Si' 0.0000000000 5.1300000000 15.3900000000 1
'Si' 5.1300000000 5.1300000000 10.2600000000 1
'Si' 7.6950000000 2.5650000000 17.9550000000 1
'Si' 2.5650000000 7.6950000000 17.9550000000 1
'Si' 7.6950000000 7.6950000000 12.8250000000 1
'Si' 10.2600000000 0.0000000000 10.2600000000 1
'Si' 12.8250000000 2.5650000000 12.8250000000 1
'Si' 15.3900000000 0.0000000000 15.3900000000 1
'Si' 10.2600000000 5.1300000000 15.3900000000 1
'Si' 15.3900000000 5.1300000000 10.2600000000 1
'Si' 17.9550000000 2.5650000000 17.9550000000 1
'Si' 12.8250000000 7.6950000000 17.9550000000 1
'Si' 17.9550000000 7.6950000000 12.8250000000 1
'Si' 20.5200000000 0.0000000000 10.2600000000 1
'Si' 23.0850000000 2.5650000000 12.8250000000 1
'Si' 25.6500000000 0.0000000000 15.3900000000 1
'Si' 20.5200000000 5.1300000000 15.3900000000 1
'Si' 25.6500000000 5.1300000000 10.2600000000 1
'Si' 28.2150000000 2.5650000000 17.9550000000 1
'Si' 23.0850000000 7.6950000000 17.9550000000 1
'Si' 28.2150000000 7.6950000000 12.8250000000 1
'Si' 30.7800000000 0.0000000000 10.2600000000 1
'Si' 33.3450000000 2.5650000000 12.8250000000 1
'Si' 35.9100000000 0.0000000000 15.3900000000 1
'Si' 30.7800000000 5.1300000000 15.3900000000 1
'Si' 35.9100000000 5.1300000000 10.2600000000 1
'Si' 38.4750000000 2.5650000000 17.9550000000 1
'Si' 33.3450000000 7.6950000000 17.9550000000 1
'Si' 38.4750000000 7.6950000000 12.8250000000 1
'Si' 0.0000000000 10.2600000000 10.2600000000 1
'Si' 2.5650000000 12.8250000000 12.8250000000 1
'Si' 5.1300000000 10.2600000000 15.3900000000 1
'Si' 0.0000000000 15.3900000000 15.3900000000 1
'Si' 5.1300000000 15.3900000000 10.2600000000 1
'Si' 7.6950000000 12.8250000000 17.9550000000 1
'Si' 2.5650000000 17.9550000000 17.9550000000 1
'Si' 7.6950000000 17.9550000000 12.8250000000 1
'Si' 10.2600000000 10.2600000000 10.2600000000 1
'Si' 12.8250000000 12.8250000000 12.8250000000 1
'Si' 15.3900000000 10.2600000000 15.3900000000 1
'Si' 10.2600000000 15.3900000000 15.3900000000 1
'Si' 15.3900000000 15.3900000000 10.2600000000 1
'Si' 17.9550000000 12.8250000000 17.9550000000 1
'Si' 12.8250000000 17.9550000000 17.9550000000 1
'Si' 17.9550000000 17.9550000000 12.8250000000 1
'Si' 20.5200000000 10.2600000000 10.2600000000 1
'Si' 23.0850000000 12.8250000000 12.8250000000 1
'Si' 25.6500000000 10.2600000000 15.3900000000 1
'Si' 20.5200000000 15.3900000000 15.3900000000 1
'Si' 25.6500000000 15.3900000000 10.2600000000 1
'Si' 28.2150000000 12.8250000000 17.9550000000 1
'Si' 23.0850000000 17.9550000000 17.9550000000 1
'Si' 28.2150000000 17.9550000000 12.8250000000 1
'Si' 30.7800000000 10.2600000000 10.2600000000 1
'Si' 33.3450000000 12.8250000000 12.8250000000 1
'Si' 35.9100000000 10.2600000000 15.3900000000 1
'Si' 30.7800000000 15.3900000000 15.3900000000 1
'Si' 35.9100000000 15.3900000000 10.2600000000 1
'Si' 38.4750000000 12.8250000000 17.9550000000 1
'Si' 33.3450000000 17.9550000000 17.9550000000 1
'Si' 38.4750000000 17.9550000000 12.8250000000 1
'Si' 0.0000000000 20.5200000000 10.2600000000 1
'Si' 2.5650000000 23.0850000000 12.8250000000 1
'Si' 5.1300000000 20.5200000000 15.3900000000 1
'Si' 0.0000000000 25.6500000000 15.3900000000 1
'Si' 5.1300000000 25.6500000000 10.2600000000 1
'Si' 7.6950000000 23.0850000000 17.9550000000 1
'Si' 2.5650000000 28.2150000000 17.9550000000 1
'Si' 7.6950000000 28.2150000000 12.8250000000 1
'Si' 10.2600000000 20.5200000000 10.2600000000 1
'Si' 12.8250000000 23.0850000000 12.8250000000 1
'Si' 15.3900000000 20.5200000000 15.3900000000 1
'Si' 10.2600000000 25.6500000000 15.3900000000 1
'Si' 15.3900000000 25.6500000000 10.2600000000 1
'Si' 17.9550000000 23.0850000000 17.9550000000 1
'Si' 12.8250000000 28.2150000000 17.9550000000 1
'Si' 17.9550000000 28.2150000000 12.8250000000 1
'Si' 20.5200000000 20.5200000000 10.2600000000 1
'Si' 23.0850000000 23.0850000000 12.8250000000 1
'Si' 25.6500000000 20.5200000000 15.3900000000 1
'Si' 20.5200000000 25.6500000000 15.3900000000 1
'Si' 25.6500000000 25.6500000000 10.2600000000 1
'Si' 28.2150000000 23.0850000000 17.9550000000 1
'Si' 23.0850000000 28.2150000000 17.9550000000 1
'Si' 28.2150000000 28.2150000000 12.8250000000 1
'Si' 30.7800000000 20.5200000000 10.2600000000 1
'Si' 33.3450000000 23.0850000000 12.8250000000 1
'Si' 35.9100000000 20.5200000000 15.3900000000 1
'Si' 30.7800000000 25.6500000000 15.3900000000 1
'Si' 35.9100000000 25.6500000000 10.2600000000 1
'Si' 38.4750000000 23.0850000000 17.9550000000 1
'Si' 33.3450000000 28.2150000000 17.9550000000 1
'Si' 38.4750000000 28.2150000000 12.8250000000 1
'Si' 0.0000000000 30.7800000000 10.2600000000 1
'Si' 2.5650000000 33.3450000000 12.8250000000 1
'Si' 5.1300000000 30.7800000000 15.3900000000 1
'Si' 0.0000000000 35.9100000000 15.3900000000 1
'Si' 5.1300000000 35.9100000000 10.2600000000 1
'Si' 7.6950000000 33.3450000000 17.9550000000 1
'Si' 2.5650000000 38.4750000000 17.9550000000 1
'Si' 7.6950000000 38.4750000000 12.8250000000 1
'Si' 10.2600000000 30.7800000000 10.2600000000 1
'Si' 12.8250000000 33.3450000000 12.8250000000 1
'Si' 15.3900000000 30.7800000000 15.3900000000 1
'Si' 10.2600000000 35.9100000000 15.3900000000 1
'Si' 15.3900000000 35.9100000000 10.2600000000 1
'Si' 17.9550000000 33.3450000000 17.9550000000 1
'Si' 12.8250000000 38.4750000000 17.9550000000 1
'Si' 17.9550000000 38.4750000000 12.8250000000 1
'Si' 20.5200000000 30.7800000000 10.2600000000 1
'Si' 23.0850000000 33.3450000000 12.8250000000 1
'Si' 25.6500000000 30.7800000000 15.3900000000 1
'Si' 20.5200000000 35.9100000000 15.3900000000 1
'Si' 25.6500000000 35.9100000000 10.2600000000 1
'Si' 28.2150000000 33.3450000000 17.9550000000 1
'Si' 23.0850000000 38.4750000000 17.9550000000 1
'Si' 28.2150000000 38.4750000000 12.8250000000 1
'Si' 30.7800000000 30.7800000000 10.2600000000 1
'Si' 33.3450000000 33.3450000000 12.8250000000 1
'Si' 35.9100000000 30.7800000000 15.3900000000 1
'Si' 30.7800000000 35.9100000000 15.3900000000 1
'Si' 35.9100000000 35.9100000000 10.2600000000 1
'Si' 38.4750000000 33.3450000000 17.9550000000 1
'Si' 33.3450000000 38.4750000000 17.9550000000 1
'Si' 38.4750000000 38.4750000000 12.8250000000 1
'Si' 0.0000000000 0.0000000000 20.5200000000 1
'Si' 2.5650000000 2.5650000000 23.0850000000 1
'Si' 5.1300000000 0.0000000000 25.6500000000 1
'Si' 0.0000000000 5.1300000000 25.6500000000 1
'Si' 5.1300000000 5.1300000000 20.5200000000 1
'Si' 7.6950000000 2.5650000000 28.2150000000 1
'Si' 2.5650000000 7.6950000000 28.2150000000 1
'Si' 7.6950000000 7.6950000000 23.0850000000 1
'Si' 10.2600000000 0.0000000000 20.5200000000 1
'Si' 12.8250000000 2.5650000000 23.0850000000 1
'Si' 15.3900000000 0.0000000000 25.6500000000 1
'Si' 10.2600000000 5.1300000000 25.6500000000 1
'Si' 15.3900000000 5.1300000000 20.5200000000 1
'Si' 17.9550000000 2.5650000000 28.2150000000 1
'Si' 12.8250000000 7.6950000000 28.2150000000 1
'Si' 17.9550000000 7.6950000000 23.0850000000 1
'Si' 20.5200000000 0.0000000000 20.5200000000 1
'Si' 23.0850000000 2.5650000000 23.0850000000 1
'Si' 25.6500000000 0.0000000000 25.6500000000 1
'Si' 20.5200000000 5.1300000000 25.6500000000 1
'Si' 25.6500000000 5.1300000000 20.5200000000 1
'Si' 28.2150000000 2.5650000000 28.2150000000 1
'Si' 23.0850000000 7.6950000000 28.2150000000 1
'Si' 28.2150000000 7.6950000000 23.0850000000 1
'Si' 30.7800000000 0.0000000000 20.5200000000 1
'Si' 33.3450000000 2.5650000000 23.0850000000 1
'Si' 35.9100000000 0.0000000000 25.6500000000 1
'Si' 30.7800000000 5.1300000000 25.6500000000 1
'Si' 35.9100000000 5.1300000000 20.5200000000 1
'Si' 38.4750000000 2.5650000000 28.2150000000 1
'Si' 33.3450000000 7.6950000000 28.2150000000 1
'Si' 38.4750000000 7.6950000000 23.0850000000 1
'Si' 0.0000000000 10.2600000000 20.5200000000 1
'Si' 2.5650000000 12.8250000000 23.0850000000 1
'Si' 5.1300000000 10.2600000000 25.6500000000 1
'Si' 0.0000000000 15.3900000000 25.6500000000 1
'Si' 5.1300000000 15.3900000000 20.5200000000 1
'Si' 7.6950000000 12.8250000000 28.2150000000 1
'Si' 2.5650000000 17.9550000000 28.2150000000 1
'Si' 7.6950000000 17.9550000000 23.0850000000 1
'Si' 10.2600000000 10.2600000000 20.5200000000 1
'Si' 12.8250000000 12.8250000000 23.0850000000 1
'Si' 15.3900000000 10.2600000000 25.6500000000 1
'Si' 10.2600000000 15.3900000000 25.6500000000 1
'Si' 15.3900000000 15.3900000000 20.5200000000 1
'Si' 17.9550000000 12.8250000000 28.2150000000 1
'Si' 12.8250000000 17.9550000000 28.2150000000 1
'Si' 17.9550000000 17.9550000000 23.0850000000 1
'Si' 20.5200000000 10.2600000000 20.5200000000 1
'Si' 23.0850000000 12.8250000000 23.0850000000 1
'Si' 25.6500000000 10.2600000000 25.6500000000 1
'Si' 20.5200000000 15.3900000000 25.6500000000 1
'Si' 25.6500000000 15.3900000000 20.5200000000 1
'Si' 28.2150000000 12.8250000000 28.2150000000 1
'Si' 23.0850000000 17.9550000000 28.2150000000 1
'Si' 28.2150000000 17.9550000000 23.0850000000 1
'Si' 30.7800000000 10.2600000000 20.5200000000 1
'Si' 33.3450000000 12.8250000000 23.0850000000 1
'Si' 35.9100000000 10.2600000000 25.6500000000 1
'Si' 30.7800000000 15.3900000000 25.6500000000 1
'Si' 35.9100000000 15.3900000000 20.5200000000 1
'Si' 38.4750000000 12.8250000000 28.2150000000 1
'Si' 33.3450000000 17.9550000000 28.2150000000 1
'Si' 38.4750000000 17.9550000000 23.0850000000 1
'Si' 0.0000000000 20.5200000000 20.5200000000 1
'Si' 2.5650000000 23.0850000000 23.0850000000 1
'Si' 5.1300000000 20.5200000000 25.6500000000 1
'Si' 0.0000000000 25.6500000000 25.6500000000 1
'Si' 5.1300000000 25.6500000000 20.5200000000 1
'Si' 7.6950000000 23.0850000000 28.2150000000 1
'Si' 2.5650000000 28.2150000000 28.2150000000 1
'Si' 7.6950000000 28.2150000000 23.0850000000 1
'Si' 10.2600000000 20.5200000000 20.5200000000 1
'Si' 12.8250000000 23.0850000000 23.0850000000 1
'Si' 15.3900000000 20.5200000000 25.6500000000 1
'Si' 10.2600000000 25.6500000000 25.6500000000 1
'Si' 15.3900000000 25.6500000000 20.5200000000 1
'Si' 17.9550000000 23.0850000000 28.2150000000 1
'Si' 12.8250000000 28.2150000000 28.2150000000 1
'Si' 17.9550000000 28.2150000000 23.0850000000 1
'Si' 20.5200000000 20.5200000000 20.5200000000 1
'Si' 23.0850000000 23.0850000000 23.0850000000 1
'Si' 25.6500000000 20.5200000000 25.6500000000 1
'Si' 20.5200000000 25.6500000000 25.6500000000 1
'Si' 25.6500000000 25.6500000000 20.5200000000 1
'Si' 28.2150000000 23.0850000000 28.2150000000 1
'Si' 23.0850000000 28.2150000000 28.2150000000 1
'Si' 28.2150000000 28.2150000000 23.0850000000 1
'Si' 30.7800000000 20.5200000000 20.5200000000 1
'Si' 33.3450000000 23.0850000000 23.0850000000 1
'Si' 35.9100000000 20.5200000000 25.6500000000 1
'Si' 30.7800000000 25.6500000000 25.6500000000 1
'Si' 35.9100000000 25.6500000000 20.5200000000 1
'Si' 38.4750000000 23.0850000000 28.2150000000 1
'Si' 33.3450000000 28.2150000000 28.2150000000 1
'Si' 38.4750000000 28.2150000000 23.0850000000 1
'Si' 0.0000000000 30.7800000000 20.5200000000 1
'Si' 2.5650000000 33.3450000000 23.0850000000 1
'Si' 5.1300000000 30.7800000000 25.6500000000 1
'Si' 0.0000000000 35.9100000000 25.6500000000 1
'Si' 5.1300000000 35.9100000000 20.5200000000 1
'Si' 7.6950000000 33.3450000000 28.2150000000 1
'Si' 2.5650000000 38.4750000000 28.2150000000 1
'Si' 7.6950000000 38.4750000000 23.0850000000 1
'Si' 10.2600000000 30.7800000000 20.5200000000 1
'Si' 12.8250000000 33.3450000000 23.0850000000 1
'Si' 15.3900000000 30.7800000000 25.6500000000 1
'Si' 10.2600000000 35.9100000000 25.6500000000 1
'Si' 15.3900000000 35.9100000000 20.5200000000 1
'Si' 17.9550000000 33.3450000000 28.2150000000 1
'Si' 12.8250000000 38.4750000000 28.2150000000 1
'Si' 17.9550000000 38.4750000000 23.0850000000 1
'Si' 20.5200000000 30.7800000000 20.5200000000 1
'Si' 23.0850000000 33.3450000000 23.0850000000 1
'Si' 25.6500000000 30.7800000000 25.6500000000 1
'Si' 20.5200000000 35.9100000000 25.6500000000 1
'Si' 25.6500000000 35.9100000000 20.5200000000 1
'Si' 28.2150000000 33.3450000000 28.2150000000 1
'Si' 23.0850000000 38.4750000000 28.2150000000 1
'Si' 28.2150000000 38.4750000000 23.0850000000 1
'Si' 30.7800000000 30.7800000000 20.5200000000 1
'Si' 33.3450000000 33.3450000000 23.0850000000 1
'Si' 35.9100000000 30.7800000000 25.6500000000 1
'Si' 30.7800000000 35.9100000000 25.6500000000 1
'Si' 35.9100000000 35.9100000000 20.5200000000 1
'Si' 38.4750000000 33.3450000000 28.2150000000 1
'Si' 33.3450000000 38.4750000000 28.2150000000 1
'Si' 38.4750000000 38.4750000000 23.0850000000 1
'Si' 0.0000000000 0.0000000000 30.7800000000 1
'Si' 2.5650000000 2.5650000000 33.3450000000 1
'Si' 5.1300000000 0.0000000000 35.9100000000 1
'Si' 0.0000000000 5.1300000000 35.9100000000 1
'Si' 5.1300000000 5.1300000000 30.7800000000 1
'Si' 7.6950000000 2.5650000000 38.4750000000 1
'Si' 2.5650000000 7.6950000000 38.4750000000 1
'Si' 7.6950000000 7.6950000000 33.3450000000 1
'Si' 10.2600000000 0.0000000000 30.7800000000 1
'Si' 12.8250000000 2.5650000000 33.3450000000 1
'Si' 15.3900000000 0.0000000000 35.9100000000 1
'Si' 10.2600000000 5.1300000000 35.9100000000 1
'Si' 15.3900000000 5.1300000000 30.7800000000 1
'Si' 17.9550000000 2.5650000000 38.4750000000 1
'Si' 12.8250000000 7.6950000000 38.4750000000 1
'Si' 17.9550000000 7.6950000000 33.3450000000 1
'Si' 20.5200000000 0.0000000000 30.7800000000 1
'Si' 23.0850000000 2.5650000000 33.3450000000 1
'Si' 25.6500000000 0.0000000000 35.9100000000 1
'Si' 20.5200000000 5.1300000000 35.9100000000 1
'Si' 25.6500000000 5.1300000000 30.7800000000 1
'Si' 28.2150000000 2.5650000000 38.4750000000 1
'Si' 23.0850000000 7.6950000000 38.4750000000 1
'Si' 28.2150000000 7.6950000000 33.3450000000 1
'Si' 30.7800000000 0.0000000000 30.7800000000 1
'Si' 33.3450000000 2.5650000000 33.3450000000 1
'Si' 35.9100000000 0.0000000000 35.9100000000 1
'Si' 30.7800000000 5.1300000000 35.9100000000 1
'Si' 35.9100000000 5.1300000000 30.7800000000 1
'Si' 38.4750000000 2.5650000000 38.4750000000 1
'Si' 33.3450000000 7.6950000000 38.4750000000 1
'Si' 38.4750000000 7.6950000000 33.3450000000 1
'Si' 0.0000000000 10.2600000000 30.7800000000 1
'Si' 2.5650000000 12.8250000000 33.3450000000 1
'Si' 5.1300000000 10.2600000000 35.9100000000 1
'Si' 0.0000000000 15.3900000000 35.9100000000 1
'Si' 5.1300000000 15.3900000000 30.7800000000 1
'Si' 7.6950000000 12.8250000000 38.4750000000 1
'Si' 2.5650000000 17.9550000000 38.4750000000 1
'Si' 7.6950000000 17.9550000000 33.3450000000 1
'Si' 10.2600000000 10.2600000000 30.7800000000 1
'Si' 12.8250000000 12.8250000000 33.3450000000 1
'Si' 15.3900000000 10.2600000000 35.9100000000 1
'Si' 10.2600000000 15.3900000000 35.9100000000 1
'Si' 15.3900000000 15.3900000000 30.7800000000 1
'Si' 17.9550000000 12.8250000000 38.4750000000 1
'Si' 12.8250000000 17.9550000000 38.4750000000 1
'Si' 17.9550000000 17.9550000000 33.3450000000 1
'Si' 20.5200000000 10.2600000000 30.7800000000 1
'Si' 23.0850000000 12.8250000000 33.3450000000 1
'Si' 25.6500000000 10.2600000000 35.9100000000 1
'Si' 20.5200000000 15.3900000000 35.9100000000 1
'Si' 25.6500000000 15.3900000000 30.7800000000 1
'Si' 28.2150000000 12.8250000000 38.4750000000 1
'Si' 23.0850000000 17.9550000000 38.4750000000 1
'Si' 28.2150000000 17.9550000000 33.3450000000 1
'Si' 30.7800000000 10.2600000000 30.7800000000 1
'Si' 33.3450000000 12.8250000000 33.3450000000 1
'Si' 35.9100000000 10.2600000000 35.9100000000 1
'Si' 30.7800000000 15.3900000000 35.9100000000 1
'Si' 35.9100000000 15.3900000000 30.7800000000 1
'Si' 38.4750000000 12.8250000000 38.4750000000 1
'Si' 33.3450000000 17.9550000000 38.4750000000 1
'Si' 38.4750000000 17.9550000000 33.3450000000 1
'Si' 0.0000000000 20.5200000000 30.7800000000 1
'Si' 2.5650000000 23.0850000000 33.3450000000 1
'Si' 5.1300000000 20.5200000000 35.9100000000 1
'Si' 0.0000000000 25.6500000000 35.9100000000 1
'Si' 5.1300000000 25.6500000000 30.7800000000 1
'Si' 7.6950000000 23.0850000000 38.4750000000 1
'Si' 2.5650000000 28.2150000000 38.4750000000 1
'Si' 7.6950000000 28.2150000000 33.3450000000 1
'Si' 10.2600000000 20.5200000000 30.7800000000 1
'Si' 12.8250000000 23.0850000000 33.3450000000 1
'Si' 15.3900000000 20.5200000000 35.9100000000 1
'Si' 10.2600000000 25.6500000000 35.9100000000 1
'Si' 15.3900000000 25.6500000000 30.7800000000 1
'Si' 17.9550000000 23.0850000000 38.4750000000 1
'Si' 12.8250000000 28.2150000000 38.4750000000 1
'Si' 17.9550000000 28.2150000000 33.3450000000 1
'Si' 20.5200000000 20.5200000000 30.7800000000 1
'Si' 23.0850000000 23.0850000000 33.3450000000 1
'Si' 25.6500000000 20.5200000000 35.9100000000 1
'Si' 20.5200000000 25.6500000000 35.9100000000 1
'Si' 25.6500000000 25.6500000000 30.7800000000 1
'Si' 28.2150000000 23.0850000000 38.4750000000 1
'Si' 23.0850000000 28.2150000000 38.4750000000 1
'Si' 28.2150000000 28.2150000000 33.3450000000 1
'Si' 30.7800000000 20.5200000000 30.7800000000 1
'Si' 33.3450000000 23.0850000000 33.3450000000 1
'Si' 35.9100000000 20.5200000000 35.9100000000 1
'Si' 30.7800000000 25.6500000000 35.9100000000 1
'Si' 35.9100000000 25.6500000000 30.7800000000 1
'Si' 38.4750000000 23.0850000000 38.4750000000 1
'Si' 33.3450000000 28.2150000000 38.4750000000 1
'Si' 38.4750000000 28.2150000000 33.3450000000 1
'Si' 0.0000000000 30.7800000000 30.7800000000 1
'Si' 2.5650000000 33.3450000000 33.3450000000 1
'Si' 5.1300000000 30.7800000000 35.9100000000 1
'Si' 0.0000000000 35.9100000000 35.9100000000 1
'Si' 5.1300000000 35.9100000000 30.7800000000 1
'Si' 7.6950000000 33.3450000000 38.4750000000 1
'Si' 2.5650000000 38.4750000000 38.4750000000 1
'Si' 7.6950000000 38.4750000000 33.3450000000 1
'Si' 10.2600000000 30.7800000000 30.7800000000 1
'Si' 12.8250000000 33.3450000000 33.3450000000 1
'Si' 15.3900000000 30.7800000000 35.9100000000 1
'Si' 10.2600000000 35.9100000000 35.9100000000 1
'Si' 15.3900000000 35.9100000000 30.7800000000 1
'Si' 17.9550000000 33.3450000000 38.4750000000 1
'Si' 12.8250000000 38.4750000000 38.4750000000 1
'Si' 17.9550000000 38.4750000000 33.3450000000 1
'Si' 20.5200000000 30.7800000000 30.7800000000 1
'Si' 23.0850000000 33.3450000000 33.3450000000 1
'Si' 25.6500000000 30.7800000000 35.9100000000 1
'Si' 20.5200000000 35.9100000000 35.9100000000 1
'Si' 25.6500000000 35.9100000000 30.7800000000 1
'Si' 28.2150000000 33.3450000000 38.4750000000 1
'Si' 23.0850000000 38.4750000000 38.4750000000 1
'Si' 28.2150000000 38.4750000000 33.3450000000 1
'Si' 30.7800000000 30.7800000000 30.7800000000 1
'Si' 33.3450000000 33.3450000000 33.3450000000 1
'Si' 35.9100000000 30.7800000000 35.9100000000 1
'Si' 30.7800000000 35.9100000000 35.9100000000 1
'Si' 35.9100000000 35.9100000000 30.7800000000 1
'Si' 38.4750000000 33.3450000000 38.4750000000 1
'Si' 33.3450000000 38.4750000000 38.4750000000 1
'Si' 38.4750000000 38.4750000000 33.3450000000 1
